# 임베딩의 구조를 이해와 또 다시 인풋 튜닝

임베딩을 공부하다보니 Embedding을 이용하는 방법에 개선이 필요하다는 것을 알게 되었다.

정확히는 임베딩은 사람이 이해하는 **자연어**를 컴퓨터가 이해하게 바꿔주는 것인데 가격같은 수치적인 데이터 또한 단순히 문자열로 비교한다는 것이다.

구체적인 데이터 비교를 위해 수치를 바꿔봤더니 그 이유를 알 수 있었다.

```kotlin
input1: "price:1000"
input2: "price:10000"
"similarity": 0.8698482733763028

input1: "price:1000"
input2: "price:2000"
"similarity": 0.8059371694663092
```

컴퓨터가 이해하는 임베딩은 1000과 10000의 문자적인 차이가 1000과 2000의 차이보다 적게 느끼는 것이다.

이걸 보고 우선 당도, 산도, 바디, 타닌, 타입처럼 고정적으로 6개의 경우의 수 (0~5로 표현되는 맛 데이터 및 레드, 화이트, 스파클링, 로즈, 주당강화, 기타 총 타입 6가지)는

코사인 유사도를 비교했을 때 일정하게 차이를 보이게 미리 정해둔 벡터 값으로 바꾸게 되었다.

```kotlin
"level:0": [
    1.0,
    0.0,
    0.0
  ],
  "level:1": [
    0.85,
    0.1,
    0.0
  ],
  "level:2": [
    0.7,
    0.2,
    0.1
  ],
  "level:3": [
    0.55,
    0.3,
    0.2
  ],
  "level:4": [
    0.4,
    0.4,
    0.3
  ],
  "level:5": [
    0.25,
    0.5,
    0.4
  ], /* 그 외 type은 6가지로 분류되므로 type:RED, type:WHITE 등도 동일 */
```

이제 향기 데이터가 문제인데 향기 데이터도 재사용을 위해 json key를 만들어서 저장해두고 있다.
그리고 OpenAI Embedding API는 항상 1536차원의 벡터 데이터를 고정적으로 출력해주므로 향기의 값을 종합적으로 만들어본다는 발상을 해봤다.

참고로 현재 지정하기론 맛 데이터 및 TYPE은 3차원으로만 구성되어 있다.

예를 들어 향기 데이터로 “fruit:pineapple” 만 가진 와인과 “fruit:pineapple”, “citrus:lemon”, “wood:burn” 같은 향기 데이터를 가진 와인을 비교한다면 후자의 와인은 값을 더한 후 향기의 개수로 나눈다.

향기라는 데이터가 단순히 평균을 내기만 해선 안되겠지만 저 문자열을 전부 합친 임베딩이나 별도로 나눈 데이터나 임베딩의 차이는 겹치는 향기가 많을 수록 추천 로직에 힘이 실리게 될 것이다.

최종적으로 향기처럼 문자열이 각각 차이나는 경우만 Embedding을 적용하기로 했다.

향기 벡터 데이터를 합한 후 평균 값을 낸 수치끼리 유사도 검토 결과

평균을 통한 값중 겹치는 부분 + 추가적인 향이 많을 수록 유사도가 높아지는데 아마 추가 튜닝이 필요해보이나 임시로 사용하기로 결정

```kotlin
aroma_lemon:시트러스, aroma_pineapple:열대과일, aroma_pineapple:파인애플, aroma_flower:아카시아, aroma_flower:꽃, aroma_stone:미네랄, aroma_ripen:꿀 <> aroma_berry:체리, aroma_berry:딸기, aroma_berry:크랜베리, aroma_fruit:말린자두, aroma_flower:장미, aroma_flower:꽃, aroma_cinnamon:후추, aroma_cinnamon:바닐라, aroma_oak:삼나무 ::: similarity: 0.9052318526396843
aroma_lemon:시트러스, aroma_pineapple:열대과일, aroma_pineapple:파인애플, aroma_flower:아카시아, aroma_flower:꽃, aroma_stone:미네랄, aroma_ripen:꿀 <> aroma_stone:미네랄 ::: similarity: 0.7772140144849313
aroma_lemon:시트러스, aroma_pineapple:열대과일, aroma_pineapple:파인애플, aroma_flower:아카시아, aroma_flower:꽃, aroma_stone:미네랄, aroma_ripen:꿀 <> aroma_apple:사과, aroma_lemon:감귤, aroma_pineapple:열대과일, aroma_flower:꽃, aroma_herbal:세이지 ::: similarity: 0.9374841861105238
aroma_lemon:시트러스, aroma_pineapple:열대과일, aroma_pineapple:파인애플, aroma_flower:아카시아, aroma_flower:꽃, aroma_stone:미네랄, aroma_ripen:꿀 <> aroma_apple:살구, aroma_apple:배, aroma_apple:서양배, aroma_lemon:시트러스, aroma_flower:꽃, aroma_cinnamon:감초, aroma_herbal:허브 ::: similarity: 0.9111175839763521
aroma_lemon:시트러스, aroma_pineapple:열대과일, aroma_pineapple:파인애플, aroma_flower:아카시아, aroma_flower:꽃, aroma_stone:미네랄, aroma_ripen:꿀 <> aroma_stone:미네랄 ::: similarity: 0.7772140144849313
aroma_lemon:시트러스, aroma_pineapple:열대과일, aroma_pineapple:파인애플, aroma_flower:아카시아, aroma_flower:꽃, aroma_stone:미네랄, aroma_ripen:꿀 <> aroma_berry:블랙커런트, aroma_oak:커피 ::: similarity: 0.8001633960089722
aroma_lemon:시트러스, aroma_pineapple:열대과일, aroma_pineapple:파인애플, aroma_flower:아카시아, aroma_flower:꽃, aroma_stone:미네랄, aroma_ripen:꿀 <> aroma_berry:체리, aroma_apple:배, aroma_cinnamon:후추 ::: similarity: 0.8607015034220958
aroma_lemon:시트러스, aroma_pineapple:열대과일, aroma_pineapple:파인애플, aroma_flower:아카시아, aroma_flower:꽃, aroma_stone:미네랄, aroma_ripen:꿀 <> aroma_pineapple:열대과일 ::: similarity: 0.7993342296319877
```

price의 경우 min-max scaling을 적용했다. minPrice와 maxPrice의 정보가 필요한게 단점이긴 하지만 log, 역수같은걸로 벡터데이터를 구성하는 것보다 더 직관적인 코사인 유사도가 나온다.

```kotlin
                       price:3000000  price:342000  price:718000  price:506000  price:38900  price:726000  price:783000  price:27500  price:127000  price:720000
price:3000000              1.000000      0.259066      0.440405      0.331564     0.011687      0.442057      0.462353     0.007876      0.041089      0.433612
price:342000               0.259066      1.000000      0.996430      0.994676     0.841826      0.996510      0.997361     0.806810      0.910853      0.996331
price:718000               0.440405      0.996430      1.000000      0.998824     0.903676      0.999973      0.999191     0.869337      0.939047      0.999991
price:506000               0.331564      0.994676      0.998824      1.000000     0.926639      0.999011      0.998320     0.893223      0.950787      0.999089
price:38900                0.011687      0.841826      0.903676      0.926639     1.000000      0.905031      0.897541     0.983066      0.968460      0.903844
price:726000               0.442057      0.996510      0.999973      0.999011     0.905031      1.000000      0.999405     0.870413      0.939821      0.999993
price:783000               0.462353      0.997361      0.999191      0.998320     0.897541      0.999405      1.000000     0.862233      0.934571      0.999216
price:27500                0.007876      0.806810      0.869337      0.893223     0.983066      0.870413      0.862233     1.000000      0.959126      0.869514
price:127000               0.041089      0.910853      0.939047      0.950787     0.968460      0.939821      0.934571     0.959126      1.000000      0.939199
price:720000               0.433612      0.996331      0.999991      0.999089     0.903844      0.999993      0.999216     0.869514      0.939199      1.000000
```

```kotlin
// 1번 와인에 대한 추천 결과 10개

[
  {
    "id": 460,
    "name": "프리츠 빈디쉬, 크리스마스 와인 동방박사 리슬링",
    "sweetness": 3,
    "acidity": 2,
    "body": 2,
    "tannin": 1,
    "wineType": "WHITE",
    "aroma": "{apple=[복숭아, 서양배], lemon=[감귤], pineapple=[열대과일], flower=[흰꽃], stone=[미네랄]}",
    "price": 55000,
    "kind": "리슬링(Riesling)",
    "style": "German Riesling",
    "country": "독일",
    "region": "라인헤센"
  },
  {
    "id": 751,
    "name": "그라토 모스카토 다스티",
    "sweetness": 3,
    "acidity": 2,
    "body": 2,
    "tannin": 1,
    "wineType": "WHITE",
    "aroma": "{apple=[모과, 살구, 복숭아], pineapple=[열대과일, 리치, 파인애플], flower=[꽃]}",
    "price": 30000,
    "kind": "모스카토(Moscato)100%",
    "style": "Italian Moscato d'Asti",
    "country": "이탈리아",
    "region": "아스티"
  },
  {
    "id": 409,
    "name": "드 보르톨리, 에머리스가든 모스카토",
    "sweetness": 3,
    "acidity": 2,
    "body": 2,
    "tannin": 1,
    "wineType": "WHITE",
    "aroma": "{apple=[살구, 복숭아], pineapple=[열대과일, 파인애플], flower=[꽃]}",
    "price": 23000,
    "kind": "프론테낙그리(FrontenacGris),뮈스까(Muscat)",
    "style": null,
    "country": "호주",
    "region": "리베리나"
  },
  {
    "id": 928,
    "name": "아스트랄, 모스카토 다스티",
    "sweetness": 3,
    "acidity": 2,
    "body": 1,
    "tannin": 1,
    "wineType": "WHITE",
    "aroma": "{apple=[청사과, 복숭아], lemon=[자몽], pineapple=[멜론], flower=[아카시아], herbal=[민트, 세이지], ripen=[꿀]}",
    "price": 53000,
    "kind": "모스카토(Moscato)",
    "style": "Italian Moscato d'Asti",
    "country": "이탈리아",
    "region": "아스티"
  },
  {
    "id": 462,
    "name": "프리츠 빈디쉬, 크리스마스 와인 산타 리슬링",
    "sweetness": 3,
    "acidity": 2,
    "body": 2,
    "tannin": 1,
    "wineType": "WHITE",
    "aroma": "{pineapple=[열대과일, 리치, 망고], stone=[미네랄]}",
    "price": 55000,
    "kind": "리슬링(Riesling)",
    "style": "German Riesling",
    "country": "독일",
    "region": "라인헤센"
  },
  {
    "id": 5145,
    "name": "라 모란디나 모스카토 다스티",
    "sweetness": 3,
    "acidity": 2,
    "body": 2,
    "tannin": 1,
    "wineType": "WHITE",
    "aroma": "{apple=[모과, 살구], lemon=[오렌지], flower=[꽃], herbal=[허브]}",
    "price": 65000,
    "kind": "모스카토(Moscato)100%",
    "style": "Italian Moscato d'Asti",
    "country": "이탈리아",
    "region": "랑게"
  },
  {
    "id": 466,
    "name": "프리츠 빈디쉬 와이너리, 루드비히스훼어 호니히베르그 리슬링 아우스레제",
    "sweetness": 3,
    "acidity": 3,
    "body": 2,
    "tannin": 1,
    "wineType": "WHITE",
    "aroma": "{apple=[복숭아, 배, 사과], lemon=[시트러스], flower=[꽃], stone=[미네랄], ripen=[꿀]}",
    "price": 60000,
    "kind": "리슬링(Riesling)",
    "style": "German Riesling",
    "country": "독일",
    "region": "라인헤센"
  },
  {
    "id": 712,
    "name": "군트럼, 베르크기르헤 리즐링 아우스레제",
    "sweetness": 3,
    "acidity": 2,
    "body": 3,
    "tannin": 1,
    "wineType": "WHITE",
    "aroma": "{lemon=[시트러스, 자몽, 레몬], pineapple=[열대과일, 멜론, 파인애플], stone=[미네랄, 석유]}",
    "price": 80000,
    "kind": "리슬링(Riesling)",
    "style": "German Riesling",
    "country": "독일",
    "region": "라인헤센"
  },
  {
    "id": 930,
    "name": "비녜도스 데 아기레, 알카 화이트",
    "sweetness": 3,
    "acidity": 2,
    "body": 1,
    "tannin": 1,
    "wineType": "WHITE",
    "aroma": "{apple=[살구], lemon=[레몬], pineapple=[리치], flower=[꽃]}",
    "price": 16900,
    "kind": "소비뇽블랑(SauvignonBlanc)",
    "style": null,
    "country": "칠레",
    "region": "센트럴"
  },
  {
    "id": 821,
    "name": "울쉬드, 모스카토",
    "sweetness": 2,
    "acidity": 2,
    "body": 2,
    "tannin": 1,
    "wineType": "WHITE",
    "aroma": "{apple=[복숭아], lemon=[시트러스, 오렌지], pineapple=[구아바, 열대과일, 리치, 패션프루트, 바나나], flower=[꽃]}",
    "price": 25000,
    "kind": "모스카토(Moscato)",
    "style": null,
    "country": "호주",
    "region": "빅토리아"
  }
]
```
